0.73532634973526
0.9998022317886353
0.9999777674674988
0.9993400573730469
0.06401292234659195
0.005230302922427654
0.8867706060409546
0.0003290209569968283
0.5675458908081055
2.9043030735920183e-05
0.9999963045120239
0.013708818703889847
0.9999932646751404
0.05852257460355759
0.14429520070552826
0.9706881046295166
0.8791968822479248
0.9999998807907104
0.31908920407295227
0.9694734811782837
7.418241807499726e-07
0.6097952127456665
0.9999997615814209
0.9996874928474426
0.006183685269206762
0.6906352043151855
1.0
5.183525900065433e-06
0.9999785423278809
0.9999901056289673
0.9999973773956299
5.120405330671929e-05
0.9999725222587585
0.005471751559525728
0.3791348338127136
0.5622071623802185
0.10224737972021103
0.989077091217041
0.01157658826559782
0.20230592787265778
0.008614410646259785
0.358022004365921
0.8093248009681702
0.09789305925369263
0.9421868324279785
0.05418381839990616
0.9883245825767517
0.9998859167098999
0.9999999403953552
0.009208351373672485
0.05121786519885063
0.9906135201454163
0.999994158744812
0.5501754283905029
0.9999552965164185
0.0025998225901275873
0.8153340816497803
0.9998995065689087
0.07867845147848129
0.9999999403953552
0.9999992847442627
0.8907809257507324
0.0010664276778697968
0.6588200926780701
0.00016035597946029156
0.9884823560714722
0.9999775290489197
0.24034146964550018
0.0019042559433728456
0.998245120048523
0.012483426369726658
0.05101915821433067
0.9999790787696838
0.020121822133660316
0.0006792018539272249
1.0
0.9990768432617188
0.4834994077682495
0.9603874087333679
0.9738244414329529
0.04924559220671654
2.45389855990652e-05
0.11328448355197906
0.8117778301239014
0.005173456389456987
0.6198922395706177
0.013364135287702084
7.136109161365312e-07
0.6079449653625488
0.9999544620513916
0.999733030796051
0.7930182218551636
0.9154829978942871
0.026168743148446083
0.8468177318572998
0.9999947547912598
0.01371543575078249
0.6591907143592834
0.9704145193099976
0.2537619173526764
0.11279645562171936
5.591313765762607e-06
0.2791126072406769
0.028129994869232178
0.023160941898822784
0.07747846096754074
0.9998340606689453
0.09147263318300247
0.9985724091529846
0.3166012763977051
0.9993095397949219
0.001558481715619564
0.9999789595603943
0.06919886916875839
0.04543652758002281
0.005962742026895285
0.9999854564666748
0.08428273350000381
0.3058921992778778
0.36966854333877563
0.999945342540741
0.2352486103773117
3.980448859408625e-09
0.0018818581011146307
0.954005777835846
0.00013840841711498797
0.9960950016975403
0.9999387860298157
0.9999450445175171
0.031142815947532654
0.9597934484481812
0.08037254959344864
0.17925035953521729
0.0060877674259245396
0.00031818303978070617
0.070200115442276
0.010137961246073246
0.3152424693107605
0.9442287683486938
0.0019104559905827045
0.8341480493545532
0.004064964596182108
0.6162048578262329
0.988524854183197
3.4516964660724625e-05
0.014541939832270145
0.013281039893627167
0.9875969886779785
0.9969920516014099
0.0157417431473732
0.9970085620880127
0.2748923599720001
9.459231478103902e-06
0.8916909694671631
0.003441152162849903
0.8305436372756958
1.0
0.9901285171508789
0.014392736367881298
0.9999998211860657
0.01265824306756258
0.9773206114768982
0.9959222674369812
0.9979587197303772
0.9997333884239197
0.9745081663131714
0.9981406331062317
0.9338459968566895
0.9835672974586487
0.0026673199608922005
0.5927087068557739
0.9999998807907104
0.9999791979789734
0.7467736005783081
0.07553305476903915
0.031594518572092056
0.0003368742763996124
0.23858940601348877
0.9999903440475464
0.9997560977935791
0.012757799588143826
0.9999976754188538
0.0004391235997900367
8.052650809986517e-05
0.9848041534423828
7.422880571539281e-06
0.9997517466545105
0.4988670349121094
0.003951095975935459
0.9920044541358948
0.07512533664703369
0.0008821610826998949
0.979223906993866
0.010544508695602417
0.0020902585238218307
0.13045121729373932
0.0010032886639237404
0.03277333453297615
0.9995328783988953
0.9999340176582336
0.0006922717439010739
0.10912366956472397
0.12544505298137665
0.9995289444923401
0.07715524733066559
0.0038813059218227863
0.9945974349975586
0.4811212420463562
0.9999891519546509
0.9850028157234192
0.16433396935462952
0.6090928316116333
0.9793665409088135
0.006161287426948547
1.0
0.9995089173316956
0.48494070768356323
0.8106353878974915
0.025531064718961716
0.5303003787994385
0.8682578802108765
0.9999887347221375
0.5925332307815552
0.08372003585100174
0.9999999403953552
0.05174233019351959
0.9999974966049194
0.9944968819618225
0.06345700472593307
0.9829331040382385
0.11732494831085205
0.9997180104255676
0.9154657125473022
0.9959868788719177
5.535653269106433e-09
0.7903112769126892
0.019098615273833275
0.9872626066207886
0.9016250967979431
0.9996514320373535
4.917681053484557e-06
0.9982978701591492
0.0020368320401757956
0.9365324974060059
0.6563382148742676
0.9997469782829285
0.008353419601917267
0.10435137152671814
0.016598789021372795
0.9985605478286743
0.8507434129714966
0.004876179154962301
0.2866780757904053
0.9999758005142212
0.861054539680481
0.999993622303009
0.9972661733627319
0.32327547669410706
0.017705008387565613
0.6207364797592163
0.9696862697601318
0.002032790333032608
0.9894197583198547
0.9470574855804443
0.9999598264694214
0.9999992251396179
0.9093358516693115
0.011409779079258442
0.9999255537986755
0.9911139607429504
0.4784383475780487
0.0012397057143971324
0.9973497986793518
0.0120466323569417
0.864215075969696
0.007694701198488474
0.9999949932098389
0.08816749602556229
0.9988287091255188
0.8823232650756836
0.942881166934967
0.06891147047281265
0.9837092161178589
0.01968737319111824
0.005949693266302347
0.9965834021568298
0.23454642295837402
0.0012038707500323653
0.9664449095726013
0.01657082326710224
0.9999999403953552
0.9999999403953552
0.0018966294592246413
0.978361964225769
0.6951792240142822
0.030288714915513992
0.9999740719795227
0.9138174057006836
9.4911280029919e-05
0.9986978769302368
0.9999868869781494
0.9999545812606812
0.9835150241851807
0.056502413004636765
0.8485194444656372
0.004123091232031584
0.9999999403953552
0.12132986634969711
0.9926199913024902
0.177443727850914
0.05436452850699425
0.9999973773956299
0.9997811913490295
0.06609970331192017
0.05905717983841896
0.008514373563230038
0.03191869333386421
0.9999949932098389
0.49824628233909607
1.0
0.0008711875416338444
0.9822344779968262
0.0031954809091985226
0.9994723200798035
0.9666891098022461
0.7171285152435303
0.9999282360076904
0.31536149978637695
0.05211666226387024
0.9993386268615723
0.9993178844451904
0.9999992847442627
0.000498326844535768
0.9999856948852539
0.7376115322113037
0.6881941556930542
0.992612361907959
0.9959208965301514
0.0010865196818485856
0.9999603033065796
0.6246962547302246
0.7778481245040894
0.8728185892105103
0.999950110912323
0.0004688916087616235
0.9875761866569519
0.9998809099197388
0.9999436140060425
0.018334072083234787
0.9999991655349731
0.9312591552734375
0.9999992847442627
0.9102787375450134
0.9993281364440918
0.985901415348053
0.9992259740829468
0.9994415640830994
0.9997998476028442
0.9999882578849792
0.9999995231628418
0.99883633852005
0.06334279477596283
0.9999914765357971
0.637630820274353
0.24160590767860413
0.5896162986755371
0.9948430061340332
0.4016020894050598
0.383587121963501
0.8186253309249878
0.8998082280158997
0.9780703783035278
0.9996592402458191
0.5271984338760376
0.0779247134923935
0.03975943103432655
0.5496124029159546
0.9905136227607727
0.0004015585291199386
0.8863533139228821
0.3130740523338318
0.9990079998970032
0.007470416370779276
0.0001785440108506009
0.19252456724643707
0.8052982091903687
0.3914882242679596
0.007868736982345581
0.00010655772348400205
0.13316966593265533
0.9965471029281616
0.9999803900718689
0.00028959871269762516
0.8429501056671143
0.961891770362854
0.5199421644210815
0.0013860268518328667
0.0016146139241755009
0.39838823676109314
0.9657617211341858
0.14526456594467163
0.0250154510140419
0.00154039915651083
0.26918575167655945
0.9974022507667542
0.9999613761901855
0.03626030683517456
0.044553499668836594
0.015276228077709675
0.014015467837452888
2.8007098080706783e-05
0.9997919797897339
0.06406430900096893
0.8253258466720581
0.999941349029541
0.9997181296348572
0.9999848008155823
0.034186944365501404
0.006652395706623793
0.32766976952552795
0.9995375275611877
0.9999980330467224
0.0026915736962109804
0.0001236599637195468
0.2673388421535492
0.9998798370361328
0.998664379119873
0.6689443588256836
0.9874871373176575
0.001236493932083249
2.8381941774568986e-06
5.31316709384555e-06
0.3277951776981354
0.0008937197271734476
0.9732077121734619
0.9999282360076904
0.9999985098838806
0.9984577298164368
0.00039867759915068746
0.2057110220193863
0.022968659177422523
0.006939347833395004
0.014322307892143726
0.3741178810596466
0.9999998807907104
0.5702672004699707
0.96819007396698
0.0007617729133926332
0.11782322078943253
1.8958650116474018e-07
0.00022664929565507919
0.9953793287277222
0.9972952604293823
0.9999810457229614
0.6550873517990112
0.21338875591754913
0.9971444606781006
0.001827604603022337
0.9999730587005615
0.07512311637401581
0.9875047206878662
0.9999395608901978
0.9948074221611023
0.9999681711196899
0.007846015505492687
0.8853013515472412
1.0
0.7308139801025391
0.0007014257134869695
0.16480448842048645
0.6317232251167297
0.7664362192153931
0.9999901056289673
0.0001355528220301494
0.03128547593951225
0.9315212368965149
0.9977185726165771
0.9987787008285522
0.08463675528764725
0.9999968409538269
0.012677351012825966
0.4037744402885437
0.9997188448905945
0.005078413523733616
0.9947907328605652
0.999997079372406
0.03907231241464615
0.009112214669585228
0.001716849859803915
0.0001181022817036137
0.9986782670021057
0.5545221567153931
0.13816101849079132
0.17850780487060547
0.005490745417773724
2.7718957426259294e-05
0.9999995231628418
0.28999364376068115
0.00512895779684186
0.5108054876327515
0.999933123588562
0.8741667866706848
0.0007647528545930982
0.10087253898382187
0.0006715117488056421
1.0
0.988385021686554
0.7480752468109131
0.07597123831510544
